0.000000 0.0000000 0.0000000 0.0000000 0.0000000 0.0000000 0.0000000 1.0000000
0.104128 -0.0001198 -0.0008266 0.0499814 -0.0008662 -0.0001858 0.0003223 0.9999995
0.208254 -0.0003759 -0.0013775 0.0998558 -0.0007655 -0.0003703 0.0008032 0.9999993
0.416625 -0.0006191 -0.0031613 0.1988778 -0.0005220 -0.0003599 0.0017937 0.9999982
0.520755 -0.0006408 -0.0038813 0.2491805 -0.0009241 -0.0004794 0.0020072 0.9999974
0.625004 -0.0009314 -0.0046142 0.2993862 -0.0015671 -0.0003137 0.0027204 0.9999950
0.729128 -0.0012438 -0.0053752 0.3494295 -0.0018110 -0.0003732 0.0024369 0.9999953
0.833252 -0.0014960 -0.0060676 0.4001816 -0.0009260 -0.0005127 0.0020713 0.9999973
0.937506 -0.0018256 -0.0067656 0.4505983 0.0001909 -0.0006391 0.0007204 0.9999995
1.041630 -0.0022513 -0.0076528 0.5007589 0.0005907 -0.0005827 -0.0009813 0.9999992
1.145875 -0.0027354 -0.0084582 0.5515761 0.0006938 -0.0005518 -0.0022466 0.9999971
1.250003 -0.0031029 -0.0093593 0.6025810 0.0001947 -0.0004839 -0.0027416 0.9999961
1.354255 -0.0031694 -0.0101319 0.6537465 -0.0011474 -0.0003055 -0.0015003 0.9999982
1.458401 -0.0033665 -0.0108986 0.7049019 -0.0020949 -0.0001346 0.0006788 0.9999976
1.562526 -0.0033913 -0.0115605 0.7559036 -0.0009342 -0.0003468 0.0019201 0.9999977
1.771007 -0.0040502 -0.0128676 0.8587605 0.0010161 0.0000250 0.0009980 0.9999990
1.979377 -0.0046399 -0.0147688 0.9624996 -0.0019914 0.0005564 -0.0004176 0.9999978
2.187759 -0.0046815 -0.0157173 1.0670305 -0.0020132 0.0006515 0.0031398 0.9999928
2.396132 -0.0050891 -0.0174966 1.1720916 0.0005165 0.0010111 0.0029587 0.9999950
2.604383 -0.0052164 -0.0191774 1.2779716 0.0019385 0.0014069 0.0010462 0.9999966
2.812757 -0.0051847 -0.0212530 1.3841002 0.0009538 0.0011779 0.0007306 0.9999986
3.021006 -0.0055397 -0.0230787 1.4910866 -0.0000194 0.0010107 -0.0012062 0.9999987
3.229379 -0.0062786 -0.0246751 1.5984844 0.0000334 0.0011518 -0.0035790 0.9999929
3.437629 -0.0067020 -0.0266240 1.7063725 -0.0000345 0.0007751 -0.0035124 0.9999935
3.645880 -0.0067246 -0.0283259 1.8142552 0.0002221 -0.0001618 -0.0025163 0.9999968
3.854131 -0.0076318 -0.0299951 1.9217733 -0.0002277 -0.0010649 -0.0026295 0.9999959
4.062383 -0.0086546 -0.0316149 2.0311277 -0.0007609 -0.0021005 -0.0029887 0.9999930
4.270633 -0.0096383 -0.0332305 2.1401279 -0.0013276 -0.0027287 -0.0013991 0.9999944
4.478884 -0.0106029 -0.0348306 2.2487767 -0.0011677 -0.0029892 0.0007553 0.9999946
4.687259 -0.0112815 -0.0362105 2.3588026 -0.0019254 -0.0027484 0.0025971 0.9999910
4.895505 -0.0119591 -0.0378785 2.4678867 -0.0012536 -0.0023683 0.0041577 0.9999878
5.103758 -0.0126835 -0.0396556 2.5764694 -0.0010851 -0.0017925 0.0035291 0.9999916
5.311998 -0.0136020 -0.0416424 2.6830218 -0.0024673 -0.0012644 0.0002793 0.9999961
5.520244 -0.0155452 -0.0432236 2.7918909 -0.0023517 -0.0003592 -0.0048029 0.9999856
5.728633 -0.0170063 -0.0448186 2.8981981 -0.0020259 0.0004076 -0.0070939 0.9999727
5.936757 -0.0177837 -0.0468490 3.0044677 -0.0020911 0.0006550 -0.0065607 0.9999761
6.249010 -0.0174115 -0.0487670 3.1611390 -0.0016822 -0.0000011 -0.0050799 0.9999857
6.457260 -0.0183460 -0.0503863 3.2658343 -0.0016604 -0.0006527 -0.0049825 0.9999860
6.665511 -0.0190503 -0.0521055 3.3697195 -0.0024811 -0.0016745 -0.0041709 0.9999868
6.873636 -0.0196365 -0.0535467 3.4724991 -0.0028148 -0.0028126 -0.0014992 0.9999909
7.081885 -0.0206404 -0.0549405 3.5750849 -0.0023650 -0.0032006 -0.0003611 0.9999920
7.290011 -0.0218562 -0.0565349 3.6770873 -0.0018162 -0.0032272 -0.0004449 0.9999930
7.498256 -0.0231154 -0.0580300 3.7779665 -0.0016234 -0.0030267 -0.0011287 0.9999934
7.706383 -0.0244983 -0.0597153 3.8787472 -0.0031351 -0.0027482 -0.0020272 0.9999893
7.914632 -0.0256728 -0.0612552 3.9788060 -0.0012261 -0.0026890 -0.0016488 0.9999943
8.122760 -0.0261894 -0.0630387 4.0788097 -0.0014078 -0.0028505 -0.0001491 0.9999949
8.331011 -0.0272938 -0.0642053 4.1791029 -0.0024278 -0.0021147 0.0017408 0.9999933
8.539282 -0.0282070 -0.0656691 4.2781281 -0.0006563 -0.0012158 0.0012219 0.9999983
8.747509 -0.0289460 -0.0670752 4.3768916 0.0004558 0.0000198 -0.0013672 0.9999989
8.955763 -0.0293369 -0.0687254 4.4759178 -0.0017169 0.0011074 -0.0018376 0.9999962
9.268135 -0.0302212 -0.0704643 4.6250706 -0.0012471 0.0027810 -0.0026788 0.9999918
9.476392 -0.0303458 -0.0719241 4.7247629 -0.0005200 0.0039435 -0.0044576 0.9999821
9.684640 -0.0297767 -0.0732960 4.8235817 0.0000116 0.0048791 -0.0042782 0.9999790
9.892888 -0.0292256 -0.0749951 4.9242234 -0.0009843 0.0056650 -0.0034407 0.9999775
10.101140 -0.0282668 -0.0766529 5.0234761 -0.0012886 0.0058278 -0.0020821 0.9999800
10.309390 -0.0280181 -0.0778829 5.1232018 -0.0012528 0.0055989 -0.0009226 0.9999831
10.517510 -0.0272818 -0.0797505 5.2229733 -0.0018004 0.0044618 0.0004661 0.9999883
10.725760 -0.0265252 -0.0812547 5.3225789 -0.0018740 0.0031320 0.0014165 0.9999923
10.934020 -0.0262411 -0.0826438 5.4218016 -0.0014576 0.0020328 0.0015358 0.9999957
11.142270 -0.0262654 -0.0842687 5.5209250 0.0000173 0.0009940 0.0051601 0.9999862
11.350520 -0.0259279 -0.0856594 5.6211691 -0.0017941 -0.0001807 0.0122417 0.9999235
11.558780 -0.0262009 -0.0874905 5.7204280 0.0013688 -0.0005168 0.0138650 0.9999028
11.767160 -0.0267841 -0.0899891 5.8200769 0.0022953 0.0002741 0.0123375 0.9999212
11.975390 -0.0265689 -0.0914224 5.9200974 -0.0005848 0.0009277 0.0163789 0.9998652
12.183770 -0.0255835 -0.0932039 6.0204821 -0.0013916 0.0007867 0.0190995 0.9998163
12.392020 -0.0258585 -0.0944518 6.1205025 -0.0011585 0.0018199 0.0160390 0.9998690
12.600390 -0.0261058 -0.0963697 6.2210684 0.0001304 0.0027385 0.0128076 0.9999142
12.808640 -0.0261952 -0.0981208 6.3224301 -0.0003383 0.0026343 0.0111268 0.9999346
13.016890 -0.0261579 -0.0999916 6.4244051 0.0022776 0.0019496 0.0082288 0.9999616
13.225270 -0.0269963 -0.1020092 6.5267224 0.0023199 0.0022222 0.0031667 0.9999898
13.433520 -0.0275589 -0.1037839 6.6293473 0.0003464 0.0026467 0.0013078 0.9999956
13.641770 -0.0264767 -0.1053996 6.7330256 -0.0001985 0.0009582 0.0044767 0.9999895
13.954150 -0.0269148 -0.1086472 6.8855042 0.0043414 -0.0011278 0.0008511 0.9999896
14.266640 -0.0291486 -0.1112868 7.0415955 0.0014131 -0.0006918 -0.0021238 0.9999965
14.474890 -0.0295291 -0.1131200 7.1461287 0.0006550 -0.0007088 -0.0007229 0.9999993
14.683140 -0.0298641 -0.1152084 7.2499394 0.0002719 -0.0005513 0.0018017 0.9999982
14.891390 -0.0298272 -0.1166054 7.3553262 -0.0009360 -0.0002116 0.0056974 0.9999833
15.099640 -0.0300513 -0.1185008 7.4602985 0.0011906 0.0000202 0.0061290 0.9999805
15.308020 -0.0313369 -0.1206259 7.5652280 0.0037356 0.0009280 -0.0021937 0.9999902
15.516270 -0.0321572 -0.1227437 7.6715093 0.0008628 0.0018758 -0.0063256 0.9999778
15.724520 -0.0322444 -0.1241090 7.7778788 0.0007982 0.0010701 -0.0039079 0.9999915
15.932650 -0.0324188 -0.1262514 7.8846855 0.0013012 0.0003892 -0.0031144 0.9999942
16.140900 -0.0330946 -0.1282564 7.9916291 0.0007671 0.0002389 -0.0044006 0.9999900
16.349140 -0.0334230 -0.1303364 8.0994711 0.0014409 -0.0001194 -0.0038835 0.9999914
16.557390 -0.0340026 -0.1321368 8.2070551 0.0017711 -0.0003865 -0.0036023 0.9999919
16.765650 -0.0342769 -0.1342011 8.3157358 0.0019771 -0.0008980 -0.0037855 0.9999905
16.973770 -0.0349458 -0.1367183 8.4252691 0.0020272 -0.0012766 -0.0039687 0.9999893
17.182030 -0.0358510 -0.1386832 8.5349684 0.0022125 -0.0013505 -0.0038651 0.9999892
17.390270 -0.0367067 -0.1412597 8.6449881 0.0020578 -0.0013598 -0.0025884 0.9999936
17.598420 -0.0375034 -0.1433860 8.7554808 0.0017034 -0.0012782 -0.0017568 0.9999962
17.806640 -0.0380693 -0.1461755 8.8661375 0.0018641 -0.0012747 -0.0023181 0.9999948
18.014770 -0.0384863 -0.1479111 8.9776382 0.0007087 -0.0008690 -0.0030018 0.9999949
18.223020 -0.0395010 -0.1497805 9.0887632 0.0014790 -0.0001287 -0.0032882 0.9999935
18.431150 -0.0394196 -0.1522712 9.2001715 0.0016298 -0.0001074 -0.0032011 0.9999936
18.639420 -0.0402181 -0.1545909 9.3123579 0.0008716 -0.0002997 -0.0031162 0.9999947
18.847540 -0.0409795 -0.1565069 9.4238262 0.0007839 -0.0002496 -0.0040141 0.9999916
19.055650 -0.0422407 -0.1584858 9.5356684 0.0007923 0.0000375 -0.0050398 0.9999870
19.263770 -0.0431133 -0.1603078 9.6489525 0.0004312 0.0000592 -0.0033856 0.9999942
19.471780 -0.0437964 -0.1623792 9.7620096 0.0004108 -0.0000113 -0.0012506 0.9999991
19.679910 -0.0442908 -0.1642675 9.8750324 0.0001185 0.0000604 -0.0000310 1.0000000
19.888070 -0.0445378 -0.1657491 9.9871616 -0.0001939 0.0002555 0.0016171 0.9999986
20.096150 -0.0452942 -0.1676790 10.0982447 0.0003397 0.0010002 0.0011335 0.9999988
20.304270 -0.0456219 -0.1697108 10.2105465 0.0004526 0.0019329 -0.0003781 0.9999980
20.512310 -0.0459605 -0.1719829 10.3220959 0.0006827 0.0029489 -0.0018508 0.9999937
20.720420 -0.0457603 -0.1738464 10.4344606 0.0014561 0.0037535 -0.0017390 0.9999904
20.928690 -0.0456150 -0.1760396 10.5453825 0.0006428 0.0046055 -0.0010191 0.9999887
21.136780 -0.0447617 -0.1786137 10.6568699 0.0016660 0.0046633 -0.0005517 0.9999876
21.344920 -0.0444476 -0.1812463 10.7690077 0.0027106 0.0042240 -0.0002354 0.9999874
21.552900 -0.0442016 -0.1832730 10.8810730 0.0032386 0.0034723 0.0003240 0.9999887
21.761020 -0.0440505 -0.1860961 10.9927750 0.0029520 0.0027416 -0.0002722 0.9999918
21.969150 -0.0435390 -0.1890039 11.1042776 0.0020488 0.0017053 0.0001156 0.9999964
22.177150 -0.0441398 -0.1916440 11.2162151 0.0011844 0.0020695 -0.0014660 0.9999961
22.385270 -0.0444341 -0.1933039 11.3283730 0.0015528 0.0027864 -0.0009507 0.9999945
22.593280 -0.0447491 -0.1956069 11.4415464 0.0029531 0.0032808 0.0005088 0.9999901
22.801400 -0.0450337 -0.1979831 11.5560102 0.0040236 0.0023024 0.0004568 0.9999892
23.009400 -0.0451057 -0.2002179 11.6714821 0.0020866 0.0010293 -0.0006399 0.9999971
23.217420 -0.0451264 -0.2023024 11.7878351 0.0002258 0.0013497 0.0003823 0.9999990
23.425400 -0.0456858 -0.2044322 11.9035225 0.0008507 0.0018074 0.0012143 0.9999973
23.633550 -0.0464633 -0.2062457 12.0202608 0.0011063 0.0023388 0.0003924 0.9999965
23.841660 -0.0468739 -0.2085873 12.1362801 0.0017840 0.0030992 -0.0006388 0.9999934
24.049650 -0.0462447 -0.2112916 12.2517605 0.0000619 0.0035326 0.0009779 0.9999933
24.257780 -0.0456704 -0.2135312 12.3687963 0.0008285 0.0034688 0.0004306 0.9999936
24.465780 -0.0454396 -0.2159653 12.4848099 0.0032280 0.0028761 -0.0012083 0.9999899
24.673900 -0.0454655 -0.2187244 12.6003065 0.0012422 0.0021455 -0.0022406 0.9999944
24.882030 -0.0455764 -0.2207772 12.7165861 0.0004547 0.0008072 -0.0029833 0.9999951
25.090170 -0.0461772 -0.2231162 12.8300476 0.0005301 -0.0009542 -0.0019510 0.9999975
25.298280 -0.0469844 -0.2254933 12.9442816 0.0005123 -0.0015411 -0.0009238 0.9999983
25.506530 -0.0479221 -0.2276011 13.0595312 0.0011034 -0.0017645 -0.0006981 0.9999976
25.714650 -0.0488315 -0.2300249 13.1750183 0.0013602 -0.0017317 -0.0000297 0.9999976
25.922780 -0.0498767 -0.2323319 13.2890787 0.0017164 -0.0016144 0.0002055 0.9999972
26.130900 -0.0507821 -0.2347904 13.4037971 0.0028854 -0.0015161 0.0006705 0.9999945
26.339150 -0.0509463 -0.2374131 13.5173512 0.0012629 -0.0016972 0.0023615 0.9999950
26.547800 -0.0517869 -0.2395783 13.6322641 0.0021920 -0.0015107 0.0021662 0.9999941
26.651410 -0.0522773 -0.2409148 13.6897106 0.0016252 -0.0012983 0.0015414 0.9999967
26.757930 -0.0525844 -0.2421806 13.7470150 0.0010438 -0.0012895 0.0010578 0.9999981
26.862580 -0.0532705 -0.2430665 13.8044920 0.0013690 -0.0009547 0.0010472 0.9999980
27.067820 -0.0540484 -0.2454230 13.9200506 0.0017762 -0.0006991 0.0008843 0.9999978
27.276060 -0.0546454 -0.2476000 14.0368052 0.0019431 -0.0007140 0.0000586 0.9999979
27.380140 -0.0549703 -0.2486962 14.0951872 0.0017133 -0.0007247 -0.0006810 0.9999980
27.484700 -0.0555382 -0.2499343 14.1533709 0.0020370 -0.0003601 -0.0013458 0.9999970
27.588410 -0.0556818 -0.2511116 14.2108603 0.0023997 -0.0003569 -0.0017934 0.9999955
27.796540 -0.0559633 -0.2535302 14.3254519 0.0018310 -0.0003506 -0.0025188 0.9999951
27.900670 -0.0564104 -0.2546593 14.3820515 0.0017385 -0.0000669 -0.0031058 0.9999937
28.108940 -0.0573972 -0.2569093 14.4953346 0.0019116 0.0006758 -0.0039627 0.9999901
