0.725057 0.0000000 0.0000000 0.0000000 0.0000000 0.0000000 0.0000000 1.0000000
0.828670 -0.0003349 -0.0008921 0.0602188 -0.0001338 -0.0009985 0.0001887 0.9999995
0.932290 -0.0006999 -0.0019626 0.1201982 -0.0005805 -0.0021936 0.0011157 0.9999968
1.035780 -0.0015505 -0.0027079 0.1799817 -0.0006985 -0.0032719 0.0020981 0.9999922
1.139394 -0.0024304 -0.0032186 0.2399965 -0.0004809 -0.0047357 0.0029201 0.9999844
1.242882 -0.0037576 -0.0038554 0.2997952 -0.0009140 -0.0060792 0.0029023 0.9999769
1.346498 -0.0054230 -0.0045256 0.3595143 -0.0009829 -0.0070630 0.0020132 0.9999725
1.450119 -0.0068983 -0.0054150 0.4193120 -0.0005048 -0.0082683 0.0014263 0.9999647
1.553608 -0.0086627 -0.0063231 0.4796653 0.0006148 -0.0094839 0.0005757 0.9999546
1.657221 -0.0103951 -0.0073327 0.5392950 0.0018627 -0.0106894 0.0000187 0.9999411
1.760720 -0.0125105 -0.0079924 0.5989140 0.0016969 -0.0118465 -0.0005625 0.9999282
1.864329 -0.0150031 -0.0089221 0.6592510 -0.0002522 -0.0124452 -0.0014807 0.9999214
1.967837 -0.0167777 -0.0095947 0.7198462 -0.0024533 -0.0136021 -0.0011256 0.9999039
2.071437 -0.0191971 -0.0098587 0.7801208 -0.0037463 -0.0142856 -0.0009462 0.9998905
2.175047 -0.0216547 -0.0102349 0.8410392 -0.0035765 -0.0152825 -0.0012844 0.9998760
2.278663 -0.0241354 -0.0109097 0.9016468 -0.0013417 -0.0164044 -0.0017218 0.9998630
2.382281 -0.0270550 -0.0114862 0.9611749 0.0017285 -0.0177492 -0.0017111 0.9998395
2.589385 -0.0326564 -0.0139407 1.0837024 0.0037037 -0.0214598 0.0017404 0.9997613
2.693004 -0.0356239 -0.0150646 1.1447705 0.0027348 -0.0232343 0.0046602 0.9997154
2.900126 -0.0425951 -0.0172988 1.2673327 0.0017290 -0.0263794 0.0062871 0.9996307
3.003765 -0.0457529 -0.0182276 1.3296523 0.0014029 -0.0279142 0.0046345 0.9995986
3.107342 -0.0500753 -0.0174603 1.3928866 0.0002025 -0.0287991 0.0036749 0.9995784
3.314587 -0.0584068 -0.0200607 1.5173323 -0.0007881 -0.0301261 0.0004349 0.9995457
3.521673 -0.0684687 -0.0213539 1.6432437 0.0012281 -0.0313436 -0.0024126 0.9995050
3.728776 -0.0767871 -0.0234055 1.7658584 -0.0001743 -0.0326548 -0.0023161 0.9994640
3.935887 -0.0820257 -0.0210518 1.8868023 -0.0008904 -0.0344925 0.0008197 0.9994043
4.142995 -0.0907060 -0.0252416 2.0123150 0.0001834 -0.0359779 0.0000058 0.9993526
4.350096 -0.0965063 -0.0258055 2.1340270 0.0008689 -0.0373370 -0.0013147 0.9993015
4.557202 -0.1039306 -0.0268693 2.2587380 0.0023833 -0.0389961 -0.0016330 0.9992352
4.764301 -0.1141921 -0.0295974 2.3883145 0.0014623 -0.0401839 -0.0024044 0.9991883
4.971539 -0.1235296 -0.0287285 2.5150886 0.0001638 -0.0415337 -0.0034077 0.9991313
5.178646 -0.1401089 -0.0344122 2.6540005 -0.0002782 -0.0430227 -0.0036687 0.9990673
5.385749 -0.1533811 -0.0359892 2.7891605 -0.0008228 -0.0450095 -0.0023246 0.9989835
5.592878 -0.1677398 -0.0373120 2.9244249 -0.0022909 -0.0473491 -0.0009895 0.9988753
5.799964 -0.1827835 -0.0387495 3.0595481 -0.0011474 -0.0500157 -0.0012953 0.9987469
5.903597 -0.1905907 -0.0393761 3.1266079 -0.0001179 -0.0509920 -0.0026982 0.9986954
6.007196 -0.1988446 -0.0400143 3.1947262 -0.0013764 -0.0518548 -0.0037284 0.9986467
6.214178 -0.2147450 -0.0413254 3.3339312 -0.0040363 -0.0539786 -0.0009766 0.9985334
6.421410 -0.2327839 -0.0418933 3.4721074 -0.0022222 -0.0553695 0.0009820 0.9984630
6.525049 -0.2414357 -0.0420481 3.5413921 -0.0014387 -0.0564809 0.0016315 0.9984013
6.628582 -0.2502798 -0.0425202 3.6100109 -0.0003398 -0.0573269 0.0020416 0.9983533
6.835749 -0.2690168 -0.0440401 3.7488337 -0.0017603 -0.0587478 -0.0063851 0.9982509
6.939363 -0.2787187 -0.0435648 3.8186872 -0.0034180 -0.0590398 -0.0109363 0.9981899
7.146720 -0.2971347 -0.0443021 3.9562416 -0.0037809 -0.0598806 -0.0076211 0.9981693
7.354078 -0.3151135 -0.0449716 4.0940666 -0.0016707 -0.0602129 -0.0045777 0.9981737
7.457691 -0.3248850 -0.0448301 4.1632218 -0.0008867 -0.0592662 -0.0067441 0.9982190
7.664923 -0.3435893 -0.0457298 4.2999043 -0.0024784 -0.0581123 -0.0089491 0.9982669
7.768540 -0.3527560 -0.0461031 4.3692288 -0.0020259 -0.0581217 -0.0085212 0.9982711
7.872156 -0.3617572 -0.0465999 4.4372492 -0.0010272 -0.0586860 -0.0085135 0.9982397
7.975643 -0.3706894 -0.0469160 4.5056205 -0.0021641 -0.0591379 -0.0104100 0.9981932
8.079261 -0.3801572 -0.0471062 4.5739241 -0.0023749 -0.0592089 -0.0114820 0.9981768
8.182878 -0.3898009 -0.0476637 4.6415696 -0.0011238 -0.0590504 -0.0131222 0.9981681
8.286366 -0.3990769 -0.0478952 4.7089858 0.0002481 -0.0590866 -0.0130230 0.9981679
8.389981 -0.4080960 -0.0486719 4.7764912 0.0002847 -0.0593944 -0.0125637 0.9981555
8.493473 -0.4165871 -0.0497563 4.8437681 -0.0007163 -0.0599851 -0.0113290 0.9981347
8.597084 -0.4261000 -0.0503289 4.9105611 -0.0014883 -0.0600103 -0.0102996 0.9981435
8.700576 -0.4351099 -0.0507920 4.9778509 -0.0014745 -0.0601246 -0.0098621 0.9981411
8.804194 -0.4440877 -0.0513996 5.0452256 -0.0020053 -0.0602689 -0.0103790 0.9981262
8.907806 -0.4528114 -0.0516309 5.1128612 -0.0015752 -0.0607345 -0.0105355 0.9980971
9.011299 -0.4623121 -0.0520224 5.1797175 -0.0016888 -0.0606901 -0.0109211 0.9980955
9.218400 -0.4812671 -0.0527907 5.3144708 -0.0015265 -0.0609470 -0.0115296 0.9980732
9.321893 -0.4908608 -0.0532326 5.3816032 -0.0014584 -0.0610470 -0.0111490 0.9980716
9.425454 -0.5004563 -0.0537269 5.4487453 -0.0005694 -0.0611877 -0.0105721 0.9980701
9.632492 -0.5189199 -0.0548168 5.5830159 -0.0007983 -0.0617053 -0.0103748 0.9980402
9.735985 -0.5280496 -0.0556822 5.6496930 -0.0007125 -0.0618625 -0.0109319 0.9980246
9.839594 -0.5372618 -0.0562955 5.7161603 -0.0004716 -0.0620872 -0.0110302 0.9980097
9.943090 -0.5466383 -0.0569199 5.7826476 -0.0000937 -0.0622104 -0.0102255 0.9980107
10.046630 -0.5562916 -0.0574722 5.8489571 -0.0006040 -0.0621569 -0.0093543 0.9980224
10.253710 -0.5753585 -0.0584404 5.9813547 -0.0018751 -0.0623381 -0.0098978 0.9980043
10.357180 -0.5844884 -0.0590976 6.0479946 -0.0015584 -0.0626618 -0.0106996 0.9979762
10.460790 -0.5937207 -0.0590814 6.1146097 -0.0007423 -0.0628038 -0.0110848 0.9979641
10.564310 -0.6035517 -0.0593703 6.1806712 -0.0009642 -0.0623919 -0.0106663 0.9979942
10.771390 -0.6216277 -0.0604858 6.3122811 -0.0007107 -0.0617976 -0.0116813 0.9980201
10.875000 -0.6310145 -0.0608947 6.3779640 0.0001151 -0.0612250 -0.0121927 0.9980495
11.082110 -0.6495506 -0.0622561 6.5085979 0.0000465 -0.0599322 -0.0123391 0.9981262
11.185720 -0.6581832 -0.0630001 6.5740709 -0.0002938 -0.0597516 -0.0117999 0.9981435
11.289320 -0.6667620 -0.0638627 6.6393094 -0.0000193 -0.0597948 -0.0121126 0.9981372
11.393060 -0.6752302 -0.0647185 6.7041817 -0.0005069 -0.0598600 -0.0126868 0.9981260
11.496460 -0.6835263 -0.0653823 6.7696147 -0.0010700 -0.0602659 -0.0122593 0.9981065
11.602930 -0.6923429 -0.0661847 6.8341784 -0.0004475 -0.0604021 -0.0121039 0.9981006
11.807060 -0.7103813 -0.0667955 6.9642420 0.0014555 -0.0595909 -0.0116416 0.9981539
11.910740 -0.7185806 -0.0677202 7.0294008 0.0008202 -0.0593191 -0.0113228 0.9981745
12.117890 -0.7354949 -0.0684668 7.1606026 0.0000834 -0.0587804 -0.0117941 0.9982013
12.324990 -0.7528452 -0.0697303 7.2903938 0.0004655 -0.0576147 -0.0120040 0.9982666
12.532240 -0.7688370 -0.0717857 7.4196482 0.0007758 -0.0573719 -0.0112619 0.9982890
12.635840 -0.7765853 -0.0730933 7.4844270 -0.0003201 -0.0576057 -0.0110352 0.9982784
12.842970 -0.7925496 -0.0746281 7.6150875 -0.0007967 -0.0583541 -0.0098725 0.9982468
13.050050 -0.8081739 -0.0759585 7.7457356 0.0005223 -0.0593620 -0.0096008 0.9981902
13.153670 -0.8162213 -0.0765758 7.8110709 0.0005470 -0.0599408 -0.0097818 0.9981539
13.257160 -0.8243033 -0.0775106 7.8764496 0.0003224 -0.0603300 -0.0101872 0.9981264
13.360800 -0.8327404 -0.0783803 7.9415522 0.0009242 -0.0606291 -0.0103281 0.9981065
13.464270 -0.8411142 -0.0791144 8.0062504 0.0010042 -0.0610653 -0.0105952 0.9980770
13.567750 -0.8494828 -0.0799279 8.0714273 0.0001671 -0.0615682 -0.0111491 0.9980406
13.671390 -0.8580684 -0.0805666 8.1364956 -0.0002061 -0.0617817 -0.0115077 0.9980233
13.774990 -0.8667169 -0.0810656 8.2019167 -0.0002027 -0.0620512 -0.0117478 0.9980038
13.878500 -0.8750979 -0.0815178 8.2671652 0.0008530 -0.0624569 -0.0112617 0.9979838
13.982110 -0.8837678 -0.0822365 8.3322277 0.0012316 -0.0624959 -0.0112363 0.9979812
14.085580 -0.8923011 -0.0830480 8.3975000 0.0010972 -0.0624685 -0.0111812 0.9979837
14.189200 -0.9010496 -0.0839574 8.4627123 -0.0001895 -0.0621690 -0.0109712 0.9980053
14.292690 -0.9097310 -0.0845488 8.5277376 -0.0007983 -0.0616262 -0.0105268 0.9980435
14.396480 -0.9179245 -0.0851202 8.5929356 -0.0010646 -0.0614152 -0.0099432 0.9980622
14.499900 -0.9262294 -0.0857517 8.6580553 -0.0013249 -0.0611011 -0.0087054 0.9980927
14.603410 -0.9341935 -0.0860675 8.7229328 -0.0012230 -0.0611534 -0.0080671 0.9980950
14.706910 -0.9426029 -0.0868181 8.7878389 -0.0007259 -0.0614212 -0.0090004 0.9980711
14.810440 -0.9513789 -0.0877140 8.8526955 -0.0001058 -0.0613852 -0.0097408 0.9980666
14.913980 -0.9594380 -0.0883322 8.9178305 -0.0001209 -0.0620690 -0.0096730 0.9980250
15.017500 -0.9677817 -0.0890818 8.9819536 -0.0002243 -0.0624150 -0.0098117 0.9980021
15.121030 -0.9759837 -0.0898741 9.0465727 -0.0001127 -0.0630101 -0.0101196 0.9979616
15.224560 -0.9835430 -0.0908463 9.1103878 -0.0008340 -0.0638673 -0.0101092 0.9979069
15.328110 -0.9922203 -0.0916905 9.1749210 -0.0014567 -0.0642012 -0.0107496 0.9978780
15.431730 -1.0008521 -0.0922203 9.2388792 -0.0013389 -0.0641071 -0.0104075 0.9978878
15.535320 -1.0096452 -0.0927527 9.3022699 -0.0002256 -0.0637182 -0.0106896 0.9979107
15.638930 -1.0182440 -0.0935418 9.3661242 -0.0006662 -0.0634998 -0.0101447 0.9979300
15.742630 -1.0265801 -0.0940899 9.4296532 -0.0014279 -0.0633774 -0.0101372 0.9979371
15.846110 -1.0346892 -0.0945786 9.4937944 -0.0014951 -0.0634960 -0.0106012 0.9979247
15.949660 -1.0427157 -0.0948438 9.5574493 -0.0010445 -0.0633946 -0.0106108 0.9979316
16.053280 -1.0512215 -0.0954957 9.6211290 -0.0001167 -0.0631198 -0.0098867 0.9979570
16.156890 -1.0597241 -0.0960637 9.6847982 -0.0002878 -0.0627718 -0.0091307 0.9979861
16.260510 -1.0676349 -0.0964061 9.7485838 -0.0001959 -0.0629681 -0.0088195 0.9979765
16.364120 -1.0762410 -0.0970960 9.8115005 0.0004548 -0.0625052 -0.0086276 0.9980072
16.467610 -1.0841535 -0.0978299 9.8749123 -0.0016418 -0.0624823 -0.0086652 0.9980071
16.571250 -1.0920075 -0.0985513 9.9375229 -0.0026590 -0.0623440 -0.0084669 0.9980153
16.674850 -1.0997480 -0.0987350 9.9991369 -0.0019788 -0.0625419 -0.0082092 0.9980066
16.778460 -1.1079751 -0.0987940 10.0609102 -0.0015992 -0.0622558 -0.0094146 0.9980145
16.882080 -1.1160305 -0.0991505 10.1228695 -0.0024573 -0.0619897 -0.0097674 0.9980260
17.089460 -1.1321919 -0.1007401 10.2452755 0.0003862 -0.0616599 -0.0114915 0.9980310
17.193550 -1.1407661 -0.1011231 10.3060703 0.0010801 -0.0609607 -0.0120955 0.9980663
17.296710 -1.1486602 -0.1019786 10.3673143 0.0005388 -0.0608584 -0.0123011 0.9980705
17.399910 -1.1565756 -0.1023261 10.4280081 0.0000807 -0.0604924 -0.0122430 0.9980935
17.503410 -1.1640477 -0.1032245 10.4891806 -0.0003051 -0.0604845 -0.0117097 0.9981004
17.606920 -1.1714982 -0.1040493 10.5504932 -0.0001318 -0.0605907 -0.0117163 0.9980939
17.710500 -1.1796913 -0.1045407 10.6113482 0.0006268 -0.0602050 -0.0122119 0.9981111
17.813990 -1.1873033 -0.1052975 10.6718607 0.0010277 -0.0597779 -0.0121785 0.9981369
17.917540 -1.1948135 -0.1059901 10.7323084 0.0014889 -0.0595295 -0.0117469 0.9981563
18.020960 -1.2023671 -0.1065831 10.7923508 0.0016782 -0.0594744 -0.0115502 0.9981616
18.124580 -1.2097626 -0.1073031 10.8524485 0.0015843 -0.0595839 -0.0110162 0.9981613
18.228070 -1.2172971 -0.1081322 10.9129457 0.0009326 -0.0595571 -0.0105769 0.9981684
18.331560 -1.2249197 -0.1090829 10.9734278 0.0008996 -0.0595951 -0.0105047 0.9981670
18.435050 -1.2325469 -0.1097836 11.0336285 0.0017150 -0.0596266 -0.0102470 0.9981667
18.538560 -1.2401650 -0.1106267 11.0951347 0.0017401 -0.0595948 -0.0103431 0.9981676
18.642170 -1.2478030 -0.1112712 11.1559563 0.0012548 -0.0595334 -0.0107031 0.9981682
18.745660 -1.2555273 -0.1124016 11.2162056 0.0007009 -0.0592716 -0.0102068 0.9981894
18.849210 -1.2627732 -0.1129673 11.2770424 0.0011231 -0.0591843 -0.0102271 0.9981940
18.952760 -1.2703686 -0.1135744 11.3378811 0.0016898 -0.0589773 -0.0100900 0.9982069
19.056250 -1.2776705 -0.1142786 11.3984699 0.0016097 -0.0589075 -0.0101934 0.9982101
19.159870 -1.2855227 -0.1147826 11.4591093 0.0015040 -0.0584014 -0.0106781 0.9982349
19.263530 -1.2930552 -0.1157335 11.5203609 0.0016597 -0.0581221 -0.0107559 0.9982502
19.366890 -1.3002508 -0.1167241 11.5811272 0.0021471 -0.0582264 -0.0106589 0.9982442
19.470470 -1.3077021 -0.1179434 11.6430597 0.0020178 -0.0580085 -0.0102029 0.9982619
19.573950 -1.3149067 -0.1187949 11.7041845 0.0017223 -0.0581039 -0.0093663 0.9982651
19.677450 -1.3228019 -0.1191444 11.7644672 0.0014521 -0.0579820 -0.0091597 0.9982746
19.884420 -1.3378280 -0.1208319 11.8870869 0.0023978 -0.0581745 -0.0083631 0.9982685
20.091430 -1.3524222 -0.1228568 12.0078650 0.0020352 -0.0585838 -0.0076050 0.9982514
20.298510 -1.3678719 -0.1249053 12.1317081 -0.0000461 -0.0588052 -0.0079540 0.9982378
20.505500 -1.3826483 -0.1262441 12.2525711 0.0012251 -0.0595094 -0.0083323 0.9981922
20.712480 -1.3974795 -0.1275643 12.3740358 0.0018552 -0.0608436 -0.0082163 0.9981118
20.919610 -1.4127071 -0.1296266 12.4975414 0.0017145 -0.0621337 -0.0071451 0.9980408
21.126560 -1.4283230 -0.1314136 12.6185188 0.0022394 -0.0635345 -0.0076779 0.9979476
21.333670 -1.4448844 -0.1329782 12.7384148 0.0024243 -0.0646982 -0.0084151 0.9978665
21.540650 -1.4609921 -0.1349660 12.8593969 0.0024691 -0.0661729 -0.0082339 0.9977711
21.747760 -1.4772601 -0.1365686 12.9799728 0.0015758 -0.0675034 -0.0078483 0.9976869
21.954740 -1.4941114 -0.1380672 13.0962982 0.0020296 -0.0688062 -0.0085172 0.9975916
22.161850 -1.5123992 -0.1395289 13.2117929 0.0032304 -0.0699216 -0.0084718 0.9975113
22.368830 -1.5295105 -0.1415871 13.3355417 0.0031378 -0.0715311 -0.0094070 0.9973891
22.575810 -1.5476702 -0.1435502 13.4546862 0.0013565 -0.0727747 -0.0110310 0.9972865
22.886440 -1.5750468 -0.1463174 13.6300850 0.0005279 -0.0744207 -0.0102335 0.9971743
23.093390 -1.5933195 -0.1479529 13.7482786 0.0031093 -0.0747485 -0.0105717 0.9971415
23.404110 -1.6206769 -0.1508667 13.9230604 0.0024139 -0.0736799 -0.0117317 0.9972100
23.714700 -1.6471157 -0.1538853 14.0979662 0.0029947 -0.0732278 -0.0093043 0.9972674
23.921680 -1.6644619 -0.1557153 14.2137632 0.0025784 -0.0740734 -0.0084542 0.9972136
24.128660 -1.6826733 -0.1575878 14.3299952 0.0015547 -0.0750386 -0.0094637 0.9971345
24.335770 -1.7008841 -0.1589965 14.4442749 0.0026882 -0.0764307 -0.0103319 0.9970177
24.646370 -1.7287827 -0.1622113 14.6171856 0.0024049 -0.0786872 -0.0112946 0.9968325
24.853350 -1.7477440 -0.1636616 14.7307377 0.0026780 -0.0802046 -0.0116907 0.9967062
25.163950 -1.7768722 -0.1662750 14.9027290 0.0020916 -0.0826023 -0.0118640 0.9965098
25.474660 -1.8074360 -0.1690873 15.0787745 0.0023947 -0.0848520 -0.0109819 0.9963301
25.681770 -1.8276618 -0.1708706 15.1985207 0.0028999 -0.0861995 -0.0108697 0.9962144
25.992640 -1.8593004 -0.1744136 15.3779049 0.0030591 -0.0872163 -0.0114239 0.9961192
26.303350 -1.8909690 -0.1774233 15.5528145 0.0026157 -0.0876432 -0.0103405 0.9960948
26.614220 -1.9227939 -0.1799541 15.7269411 0.0012200 -0.0873064 -0.0102818 0.9961277
26.924910 -1.9547573 -0.1825185 15.9047232 0.0017780 -0.0873766 -0.0107212 0.9961160
27.132020 -1.9758041 -0.1843894 16.0209293 0.0014720 -0.0878747 -0.0106273 0.9960738
27.339120 -1.9966530 -0.1862418 16.1376743 0.0012265 -0.0886591 -0.0101687 0.9960093
27.649720 -2.0285740 -0.1893668 16.3113785 0.0017064 -0.0896942 -0.0098941 0.9959188
27.960440 -2.0608177 -0.1920566 16.4844913 0.0007753 -0.0907711 -0.0090295 0.9958305
28.271200 -2.0925531 -0.1950872 16.6563435 0.0015544 -0.0908563 -0.0100457 0.9958121
28.581760 -2.1249352 -0.1975363 16.8279800 0.0013523 -0.0909983 -0.0088662 0.9958107
28.995970 -2.1667743 -0.2011233 17.0509911 0.0029541 -0.0911405 -0.0091129 0.9957920
29.306690 -2.1969395 -0.2044079 17.2132168 0.0011373 -0.0911767 -0.0095504 0.9957883
29.617530 -2.2278371 -0.2067781 17.3763237 0.0008811 -0.0911312 -0.0111552 0.9957760
29.928380 -2.2582321 -0.2092449 17.5369492 0.0013406 -0.0913407 -0.0102223 0.9957663
30.239100 -2.2881122 -0.2116217 17.6971569 0.0011110 -0.0917091 -0.0113529 0.9957205
30.653320 -2.3272696 -0.2139157 17.9061050 0.0024498 -0.0944682 -0.0093001 0.9954814
30.963930 -2.3567085 -0.2168482 18.0506096 0.0014317 -0.0988285 -0.0074037 0.9950759
31.274390 -2.3882697 -0.2208977 18.2034149 0.0007382 -0.1056830 -0.0083307 0.9943647
31.585110 -2.4216990 -0.2238074 18.3563385 0.0010280 -0.1125003 -0.0085757 0.9936141
31.895960 -2.4558172 -0.2266548 18.5072346 0.0044502 -0.1166884 -0.0084772 0.9931224
32.413910 -2.5158596 -0.2307965 18.7608681 0.0024096 -0.1198930 -0.0057384 0.9927673
32.724750 -2.5529718 -0.2334723 18.9113884 0.0051913 -0.1159754 -0.0098286 0.9931899
33.035600 -2.5859237 -0.2357122 19.0587959 0.0071055 -0.1072511 -0.0103014 0.9941532
33.346440 -2.6145513 -0.2389117 19.2046394 0.0071251 -0.0978811 -0.0064400 0.9951518
33.657420 -2.6376808 -0.2414822 19.3478928 0.0079333 -0.0900619 -0.0031362 0.9958996
33.968270 -2.6570370 -0.2434349 19.4919987 0.0082203 -0.0837664 0.0010831 0.9964509
34.175500 -2.6754291 -0.2467939 19.5975113 0.0084086 -0.0793282 0.0027548 0.9968093
34.589910 -2.7050056 -0.2534125 19.7988834 0.0085016 -0.0724876 0.0061426 0.9973142
34.900580 -2.7276607 -0.2581482 19.9495754 0.0091047 -0.0679705 0.0078605 0.9976148
35.211360 -2.7469664 -0.2631210 20.0976658 0.0105312 -0.0645021 0.0086905 0.9978241
35.522140 -2.7661397 -0.2680387 20.2449207 0.0094438 -0.0604075 0.0061079 0.9981104
35.833030 -2.7839587 -0.2727065 20.3920479 0.0104913 -0.0575753 0.0081655 0.9982526
36.143810 -2.8011320 -0.2777008 20.5401497 0.0100979 -0.0555512 0.0074654 0.9983768
36.454660 -2.8177390 -0.2828588 20.6904068 0.0100098 -0.0535829 0.0093578 0.9984694
36.765510 -2.8332505 -0.2883385 20.8364525 0.0134048 -0.0518877 0.0101063 0.9985118
37.076370 -2.8486862 -0.2942451 20.9802074 0.0138827 -0.0499606 0.0106769 0.9985976
37.490940 -2.8666461 -0.3026646 21.1663837 0.0166205 -0.0466198 0.0086158 0.9987373
37.801910 -2.8797636 -0.3095249 21.3054752 0.0176690 -0.0428488 0.0041033 0.9989169
38.112910 -2.8934140 -0.3142636 21.4438343 0.0021082 -0.0368153 -0.0082454 0.9992858
38.630960 -2.9084091 -0.3219143 21.6703014 0.0134729 -0.0291799 0.0029542 0.9994790
38.942110 -2.9157391 -0.3266493 21.8067417 0.0104164 -0.0202979 -0.0011208 0.9997391
39.252930 -2.9212904 -0.3313642 21.9445992 0.0114477 -0.0103487 0.0004125 0.9998809
39.563750 -2.9225416 -0.3360689 22.0802250 0.0109363 0.0036642 -0.0007099 0.9999332
39.874720 -2.9196310 -0.3405702 22.2148247 0.0117635 0.0202291 -0.0024721 0.9997231
40.185570 -2.9121008 -0.3455964 22.3480015 0.0137534 0.0347607 0.0033051 0.9992955
40.496410 -2.9012866 -0.3504285 22.4818134 0.0099744 0.0478851 0.0018280 0.9988014
40.807160 -2.8877695 -0.3545440 22.6166363 0.0104168 0.0568806 0.0030398 0.9983220
41.117610 -2.8710821 -0.3588650 22.7531242 0.0149729 0.0607104 0.0062052 0.9980238
41.428330 -2.8538978 -0.3650083 22.8896694 0.0176308 0.0637020 0.0088812 0.9977737
41.739220 -2.8358657 -0.3705608 23.0287418 0.0138691 0.0668803 0.0081490 0.9976313
42.049920 -2.8167224 -0.3755942 23.1674728 0.0140162 0.0693705 0.0094297 0.9974479
42.257130 -2.8034830 -0.3789682 23.2610664 0.0158089 0.0701385 0.0108215 0.9973533
42.567970 -2.7837384 -0.3845024 23.4023952 0.0150612 0.0713009 0.0092041 0.9972987
42.878820 -2.7627668 -0.3896065 23.5452042 0.0131304 0.0718331 0.0114640 0.9972643
43.189670 -2.7424917 -0.3954952 23.6885490 0.0191270 0.0727010 0.0101273 0.9971189
43.604260 -2.7141297 -0.4035066 23.8840847 0.0117753 0.0730648 0.0138846 0.9971610
43.915140 -2.6924310 -0.4087530 24.0344868 0.0133494 0.0738259 0.0103768 0.9971278
44.225950 -2.6714926 -0.4139717 24.1835384 0.0112473 0.0749823 0.0079052 0.9970901
44.536800 -2.6508682 -0.4190908 24.3254852 0.0118059 0.0760407 0.0064800 0.9970137
44.847670 -2.6291699 -0.4241452 24.4665279 0.0110582 0.0765357 0.0093878 0.9969614
45.158560 -2.6075056 -0.4293481 24.6052113 0.0091810 0.0773780 0.0091875 0.9969172
45.469380 -2.5876000 -0.4340806 24.7344513 0.0095626 0.0767822 0.0099899 0.9969520
45.676440 -2.5749331 -0.4371792 24.8177109 0.0098583 0.0759918 0.0097719 0.9970118
45.987440 -2.5574176 -0.4416631 24.9370079 0.0090195 0.0755699 0.0087893 0.9970610
46.194650 -2.5460691 -0.4445183 25.0119991 0.0093717 0.0751816 0.0094850 0.9970807
46.402020 -2.5354018 -0.4471167 25.0842724 0.0087879 0.0743517 0.0100581 0.9971426
46.609360 -2.5249188 -0.4496196 25.1535282 0.0092475 0.0740153 0.0095926 0.9971681
46.920330 -2.5109000 -0.4533006 25.2512760 0.0087695 0.0747853 0.0085700 0.9971243
47.127820 -2.5014384 -0.4552835 25.3138123 0.0097571 0.0752582 0.0085113 0.9970800
47.438820 -2.4883292 -0.4585154 25.4026031 0.0087585 0.0759245 0.0081106 0.9970421
47.749900 -2.4759903 -0.4615431 25.4854145 0.0090078 0.0765881 0.0077179 0.9969922
48.060850 -2.4639299 -0.4641679 25.5623608 0.0085578 0.0765632 0.0085020 0.9969918
48.371700 -2.4532425 -0.4665129 25.6331425 0.0072977 0.0747079 0.0097012 0.9971316
48.682670 -2.4438875 -0.4686254 25.6986656 0.0071147 0.0717190 0.0095645 0.9973536
48.993640 -2.4356251 -0.4705101 25.7578278 0.0074850 0.0700555 0.0089748 0.9974747
49.304530 -2.4282444 -0.4722236 25.8125744 0.0082776 0.0687398 0.0084476 0.9975645
49.615460 -2.4213824 -0.4740449 25.8634777 0.0074870 0.0695938 0.0071294 0.9975218
49.926640 -2.4148674 -0.4753386 25.9102745 0.0066239 0.0707387 0.0082881 0.9974384
50.237280 -2.4090700 -0.4766320 25.9526157 0.0074096 0.0716396 0.0075058 0.9973748
50.548120 -2.4035692 -0.4777660 25.9904842 0.0094691 0.0717983 0.0095316 0.9973287
